57.981461
4.153918
9.924122
6.795305
5.231419
100.205545
1.733282
33.250350
18.576956
55.058006
26.252439
128.582896
1.371766
72.650122
10.737962
19.215664
38.010095
42.079820
4.387311
0.545394
77.313938
22.411709
85.391524
190.199854
26.822499
126.475768
3.750643
9.130274
17.169334
34.402849
70.371118
35.028374
19.636646
141.989757
17.180950
30.067910
44.314459
29.033840
113.733832
11.018881
123.511367
24.919973
95.411170
1.643236
51.521115
6.764293
30.530778
4.681991
7.983889
41.931024
15.199628
38.674040
6.447688
10.456732
7.672000
6.208289
45.016808
10.229159
58.495306
5.436913
145.846351
14.990515
12.272359
26.668073
2.392395
29.440367
11.491346
76.734620
2.082660
32.027798
87.691674
92.956622
21.238345
50.973373
189.562027
18.022534
1.900964
32.735517
68.904852
22.040400
7.206831
41.597286
8.954400
29.073393
1.977248
13.053198
10.470375
27.923879
11.036222
33.762492
7.264514
6.971753
20.644836
1.102696
4.029947
7.169713
294.297155
68.102970
150.663431
11.830716
9.140353
32.306366
14.477649
13.219983
12.306818
25.716537
5.600234
70.495334
5.471905
8.492019
9.834223
5.868928
66.036457
37.783034
65.459543
23.541412
43.391548
49.581432
20.952560
2.579224
185.781697
2.612678
4.171323
21.778585
6.493885
22.320511
12.929430
16.525967
6.875025
7.484156
18.755050
4.684912
4.437647
15.460824
13.307008
18.041160
31.532095
373.246563
1.621350
9.787728
17.391591
120.028345
6.357279
54.239326
151.593373
51.605020
25.505576
32.525074
142.525116
3.761451
12.412937
61.018940
685.393887
11.666993
37.364231
21.996443
5.427534
31.717658
39.965111
14.816659
36.966759
79.235928
14.510934
54.866527
35.326893
2.283200
34.305424
1.848929
5.466492
57.780322
42.279192
18.898112
18.528602
20.942502
15.130523
35.106881
4.621372
19.142943
13.877871
3.719495
6.303138
41.872949
41.861111
8.784574
9.324440
16.876436
81.897358
13.894432
3.346409
36.630672
2.926406
3.172392
3.765826
6.625583
4.081559
9.577510
197.440133
15.578487
15.920833
4.584597
119.235801
1.943964
122.299739
17.143073
22.690429
31.369712
88.474517
27.875150
4.521152
11.530474
11.195560
27.440562
14.918373
4.590566
14.540158
213.301550
31.796509
50.916053
47.592486
66.615517
25.191774
20.488548
54.328488
288.393861
16.649691
77.974164
10.509355
5.181331
14.984935
369.654919
71.805258
15.461596
13.022573
3.858858
7.047515
2.284502
22.609637
17.261555
6.805867
30.872272
36.305054
33.116418
13.323165
5.237925
9.420723
10.299408
18.249671
6.041320
7.295686
17.195963
18.532428
89.332067
8.711359
60.904851
19.888073
24.583955
23.781313
10.814750
6.548292
31.491611
21.874815
44.000754
0.319202
3.678203
37.123555
290.811674
2.096003
15.828411
25.211573
6.715180
10.095251
6.816584
38.393711
6.879026
13.771808
29.401539
31.454677
48.708796
1.063262
9.136962
56.712540
2.711886
283.381809
94.040211
18.471165
29.867935
35.990230
25.776159
42.754424
5.883734
23.578947
47.819119
95.892816
1.715847
23.017661
53.637162
201.471066
368.522654
5.206457
47.601812
44.777248
5.122009
42.165540
6.905605
17.510851
79.265093
8.737723
14.262135
6.994174
23.413145
9.487149
52.466895
17.592116
13.076486
21.140140
98.847640
12.514434
44.099242
44.269021
3.202977
83.283353
11.470592
88.495958
7.454176
58.668315
42.523868
14.648587
12.161150
18.770807
120.035891
188.981878
2.357929
6.867545
31.562365
55.869079
7.834451
24.881914
2.665202
1.462419
18.842684
8.201337
5.256574
5.695010
30.434732
14.504376
64.953046
2.665588
13.673205
73.865952
13.631175
182.377416
54.907020
1.233880
41.244310
9.183509
8.671152
26.658698
40.496720
43.048197
7.988923
3.188293
14.603245
35.614087
23.975582
3.560369
60.141224
45.363269
109.012809
13.057885
87.702291
19.418422
60.879878
50.445510
15.288652
13.292586
22.424354
28.062394
10.710803
42.201382
23.893898
168.045145
7.958612
6.212313
88.482006
35.045955
51.943770
0.829818
22.495375
33.176163
19.819930
8.284812
4.735135
30.921582
118.849949
5.285358
2.141310
68.382151
32.492724
51.389471
19.704526
5.585350
2.375904
12.717196
7.253657
11.036622
95.183032
21.996342
89.162090
18.646007
29.355620
9.841796
2.055180
44.017667
50.077785
4.541141
4.711374
64.466138
4.466881
4.706718
6.862133
7.376133
6.605901
51.564543
3.478984
519.043054
20.993646
48.572572
16.065353
304.951779
54.544335
84.362678
78.265819
21.895698
8.029248
7.677831
16.725057
6.069273
110.133111
32.078617
23.891699
8.427716
20.049440
59.032374
189.351884
13.497247
54.123702
162.703062
8.928340
8.790369
62.458868
82.358536
34.125579
26.579129
7.846563
63.133261
0.973054
56.950166
7.638254
120.793653
275.187876
1.935850
23.409352
4.072436
87.480394
59.393839
13.591384
1.356327
17.070171
26.843528
7.049794
3.935332
7.750435
9.489047
15.659503
65.329138
19.894240
1.787805
17.593484
14.158758
26.279343
8.288900
11.611162
9.081977
52.814718
36.784958
8.508044
121.505459
4.188159
3.139459
37.257074
25.574976
15.300556
35.643474
9.523932
10.356073
18.167903
10.218693
8.772214
269.902088
27.912498
176.166261
3.539306
28.037948
8.808774
9.612858
15.964579
22.377160
25.545220
3.253559
26.032724
11.003167
36.972499
26.584632
52.461527
5.199143
39.361363
215.798397
597.568026
61.432820
10.939716
24.802788
21.871880
8.482260
25.268867
656.417575
42.566339
8.346747
22.515050
32.608396
17.975480
108.650759
14.358440
2.592550
22.412502
146.628582
2.543448
1.070454
44.218971
50.839751
2.310403
243.252317
44.222104
132.605634
34.678690
13.926895
75.949270
71.320472
11.245399
2.804661
3.724714
3.455144
22.325788
226.515645
20.400879
3.163735
1.290580
20.763278
2.379360
36.772882
53.503745
10.829740
6.127521
6.196093
43.913514
288.323355
93.905510
10.363159
34.426839
15.743706
5.533332
71.117260
13.380635
250.815994
24.986997
55.441836
10.138529
20.766250
27.292000
5.340098
35.987854
36.014749
558.221502
12.607365
19.860185
38.981182
8.054802
35.788049
11.488803
17.583962
113.427472
607.634080
44.308874
122.392709
79.922447
106.065184
1.885499
19.635006
15.104052
14.658286
8.981504
12.810368
9.869560
239.903482
19.733370
15.558373
117.397153
6.822232
9.466584
7.763130
31.913587
42.219262
136.777552
39.141061
7.171740
15.540996
57.940423
23.570901
2.638433
435.772801
7.863649
84.525290
8.657638
7.551211
8.531516
12.923344
13.300956
6.975566
81.123363
26.950471
14.733654
22.528650
213.167526
1.169343
6.968241
136.951544
23.585258
12.290970
70.770689
54.314822
4.176124
9.623473
68.562191
4.105894
51.990161
2.114921
9.505929
178.316061
8.598056
5.051419
42.394731
3.922288
10.484062
50.628398
310.680172
7.833161
24.451641
14.410796
53.856637
27.162950
7.503094
3.375087
2.018948
26.046376
18.825168
34.210837
180.170792
3.723252
13.975306
4.500787
15.904059
26.332059
39.948368
2.855637
29.713490
20.790047
21.497950
10.351929
13.446184
86.321332
7.048514
14.613793
1.003651
5.893962
9.685180
10.350299
5.748729
10.391409
6.371707
32.419378
19.911130
12.216155
10.623184
190.159889
176.929218
1.554046
28.554700
13.116473
1.717852
9.964689
20.413415
5.244698
88.436392
14.984882
36.127647
38.071936
6.036587
5.076593
108.603708
13.488553
28.306584
21.011038
33.957435
11.953129
15.353340
33.719502
10.395230
12.174882
19.727152
9.373396
94.979278
28.640974
40.896881
15.123883
36.803561
53.391424
132.715366
10.927280
58.437440
47.168209
13.772973
84.253151
100.213864
56.344791
25.961944
55.302890
181.023244
365.704843
51.028905
5.683747
2.421132
207.407852
30.449052
7.628453
94.867495
19.397816
55.578605
4.122849
9.542858
1.933709
5.369168
6.707356
34.175244
62.431517
71.705553
30.923736
31.894641
38.181035
50.246577
12.551698
5.625551
16.579620
3.679924
13.800617
40.506992
37.932342
22.995911
10.890191
21.388262
6.710307
63.249682
7.163149
10.965732
4.729796
71.518571
50.881267
6.184542
11.575603
6.928110
10.970010
43.098023
29.276331
140.002066
3.043373
24.611243
54.426973
3.707748
49.334914
38.964198
32.651172
25.654984
169.992022
49.916593
13.625622
20.248137
37.707243
2.075045
2.234596
11.112970
28.106322
19.043357
26.872232
15.029416
24.619732
12.002557
7.356113
22.282280
16.836025
69.795508
4.604168
28.545670
5.563011
3.884189
119.370010
6.372429
21.524079
0.412226
43.982633
7.544543
112.072097
54.419150
6.121967
14.979415
2.010683
29.429518
17.706331
14.794675
33.294367
19.398183
5.090779
11.180994
8.573018
12.146174
20.731298
122.429520
50.518320
12.963356
21.794026
24.139587
115.891961
7.544154
34.138353
54.624038
208.572349
12.684147
10.314298
32.356500
46.487229
17.437914
5.289522
30.382566
2.720252
16.841958
2.740298
11.520962
33.357413
39.873950
12.651428
1.080542
8.816588
72.299740
8.902045
45.750207
3.652892
13.390149
58.462349
24.016555
35.807939
28.854638
2.193403
24.752446
67.919872
2.078073
18.909174
49.986265
16.960689
1.582414
52.005280
6.753720
10.718399
76.412050
41.882628
339.067482
2.436342
49.187692
81.352225
3.177652
12.840853
104.160641
142.978791
30.722550
10.297495
5.742478
1.678186
104.483469
129.092253
43.821889
39.762871
21.024357
10.917528
75.550073
1.582345
26.631807
13.243659
2.838985
10.126892
22.416864
9.409693
54.014227
6.491168
8.516436
7.938751
3.489807
70.375599
15.518339
2.961538
7.526329
17.228602
10.691878
8.083844
2.464419
4.261616
70.646946
33.912195
70.018202
24.257739
74.375628
8.056176
30.141046
47.688701
33.597631
11.049959
4.141935
14.262676
54.787400
21.579573
52.921000
69.258203
76.906443
14.374052
27.630397
5.390286
26.692979
12.557311
12.163069
19.656295
219.052064
39.701644
147.545094
11.394061
5.557557
8.134023
30.975422
17.846142
40.123124
63.289109
2.797631
26.629769
41.693434
12.364073
95.464421
60.950859
449.646165
18.542558
92.432823
17.624476
3.528099
1.458491
6.359241
10.993433
9.098519
19.305625
133.736865
2.163874
25.358378
371.692510
23.703497
6.543682
39.302887
119.184277
0.881181
39.146968
1.323488
33.715763
6.796394
24.873314
40.688063
7.456416
5.715286
17.795072
3.145600
27.088846
19.219514
24.651584
8.621890
15.176977
11.933743
206.434369
16.653745
6.668962
5.133663
