19.477371
71.023880
25.393800
67.997735
73.691533
46.255368
83.018798
66.738075
61.820239
8.314510
51.397514
79.177106
50.913234
67.434844
49.468850
43.973353
50.259842
78.060478
56.650091
54.758161
60.717658
49.744793
56.380739
46.701402
43.566227
53.768710
27.020234
62.979055
41.253585
67.933300
70.484482
55.490032
25.378109
37.190906
41.693653
46.893460
57.349351
68.241492
17.015451
45.116146
38.335755
52.501409
86.912974
60.967090
21.101110
43.292403
52.056586
20.507231
50.087651
42.293016
53.707877
48.717848
74.442457
55.103191
87.907657
19.006874
24.449874
55.214610
79.241603
39.953748
32.586275
19.959434
72.424849
65.047948
39.351090
42.811135
13.698006
47.756118
42.441504
40.136840
29.576104
24.143669
50.554325
73.605334
38.911451
28.827439
35.031115
19.185357
33.156583
35.155968
64.545997
52.600813
72.940498
43.408402
38.391529
29.328104
39.612452
27.774165
75.031043
80.071750
13.758829
11.861705
28.206800
79.849718
17.500493
58.186609
80.503326
30.273660
39.296193
21.838782
44.236249
66.214397
48.587066
43.210168
81.599976
16.318623
44.753517
70.815168
78.614714
40.338470
94.594785
55.395791
60.163432
71.151540
55.233701
38.954317
67.130176
58.133325
44.403124
65.998091
34.138518
55.493671
38.946633
31.291222
39.813699
25.333746
38.752691
32.134456
92.599788
49.912777
12.632662
39.466875
31.423508
38.118270
15.054060
59.835640
46.333321
90.909474
89.309459
39.550981
55.014556
81.498505
30.242735
55.228093
87.201993
56.220798
59.468240
88.865984
45.166632
10.202339
71.135809
43.678439
79.558878
80.706429
54.276690
26.904257
30.934732
13.495259
50.344127
43.022900
73.687479
57.166443
26.125423
41.518377
78.527982
35.541880
7.652153
39.391045
61.443531
34.488935
58.735591
73.193188
16.798207
49.733059
59.870994
47.940105
35.520714
69.552950
43.535866
74.957353
48.811413
41.316213
49.179493
88.032220
71.432005
63.219059
29.034522
50.352305
47.167585
15.785204
57.455664
66.331458
13.533661
14.374521
29.959356
3.491272
13.047700
87.239028
63.696974
41.022039
62.452097
38.302318
67.376955
32.060836
29.072023
81.667145
19.538604
56.354590
57.852358
10.565864
88.717363
84.202781
48.635074
35.834605
55.484648
66.482849
36.729843
54.772490
76.576350
93.232985
46.633266
30.713484
74.909915
91.000822
43.323573
60.726365
50.202694
27.206481
70.416640
75.750105
75.315470
48.817148
89.894370
81.388507
46.368653
67.815751
41.937179
53.158948
35.493952
25.446410
52.206570
69.932395
35.161009
70.526246
65.431017
78.521349
55.671086
43.467658
61.263052
49.881635
52.112867
54.728633
82.628476
33.266406
64.567769
47.575648
53.771173
62.908288
51.856579
45.731511
68.954746
52.539564
65.998847
49.715449
45.693827
39.696283
79.064948
63.322027
30.328561
37.450443
75.451800
37.127632
55.679179
75.145618
79.158704
49.253205
39.424092
48.731638
43.331607
29.187973
58.577386
64.827023
51.385636
53.013476
29.355928
20.563441
54.592692
11.638620
54.428602
43.216057
54.778676
4.457169
41.825933
25.111594
52.756232
40.888400
84.301739
42.773503
28.807156
10.197056
55.772427
24.420193
63.820856
77.025691
46.160250
42.919253
14.615669
73.207795
33.499303
36.928792
76.264941
67.617732
8.148323
43.360501
85.343522
81.899797
26.699946
61.165105
16.230393
55.204411
37.973360
50.182670
64.950773
25.279131
28.309781
43.057723
51.889345
44.138324
19.406413
49.763675
69.038622
77.905624
62.336585
27.617637
78.667393
65.545052
42.206203
59.288605
49.334740
16.194006
37.064557
41.315513
19.468177
59.614922
65.451353
37.522552
76.933493
48.620941
23.698556
61.817085
82.860322
71.583069
9.319611
72.857455
96.896952
62.143854
14.019123
35.214516
46.803541
76.619614
51.480913
54.838995
69.423283
87.647754
34.614804
49.824654
29.439757
27.297510
53.418356
59.659196
53.288273
33.504654
64.165181
66.524247
57.137743
24.517496
49.718351
51.289859
52.073276
40.754063
23.050182
17.982488
35.563339
50.602557
72.562711
22.808705
46.793818
59.077516
31.828822
54.609285
4.230223
68.130288
17.683217
24.965743
26.033084
56.510044
66.406992
56.194606
54.459054
53.371164
40.201269
41.819475
53.677281
56.609207
28.698692
45.739954
41.760467
35.229128
80.004251
29.485767
34.121489
81.780999
82.243993
60.202792
56.434200
46.522318
55.294541
28.313082
60.283489
54.210316
49.158754
54.526969
58.976574
39.010858
34.507516
51.107956
77.161412
21.938046
24.387410
53.129737
46.189043
79.591350
64.165836
86.899754
74.666552
64.227567
9.542596
53.463937
44.970621
81.713110
63.155299
65.896556
69.576752
48.722793
60.096449
78.220535
70.816463
24.188115
84.614331
64.066483
36.938896
52.444376
35.408911
72.543975
8.644922
49.886948
65.545172
89.118799
15.472914
90.756902
13.545408
20.467059
64.644435
52.709065
17.921139
55.029386
46.461682
57.328635
33.518331
50.960346
94.482325
38.110255
65.162743
44.164328
28.028492
72.995399
81.631667
36.577122
40.766993
27.883901
46.012504
23.409825
46.598474
78.015646
88.033756
46.393574
37.674212
81.078704
61.082749
91.206767
43.847389
83.938679
68.629674
19.019814
33.528938
24.215754
30.336894
30.356317
59.861243
79.457143
53.659017
61.136782
48.125383
64.580917
54.447378
45.449376
26.634811
24.272673
45.680951
55.454131
67.325594
37.808437
66.869749
64.576831
50.332686
47.906686
61.091647
67.026662
9.229426
69.051681
23.664863
57.594931
35.902634
65.331903
39.690091
66.732972
41.326716
50.984832
37.513717
49.730333
33.885744
29.366335
62.284750
76.035562
67.070058
73.560272
15.610125
78.469488
45.729898
49.842669
44.039132
51.387306
23.520437
51.400894
46.129741
78.519814
11.636254
58.794213
56.742124
50.172671
44.765292
57.335275
64.473383
52.204839
61.102068
35.588747
60.995071
41.462201
55.580056
45.101583
38.102368
30.838839
64.970376
69.920200
20.250964
55.346883
95.690288
37.777385
26.007613
68.169533
39.399224
47.018517
87.753865
71.961959
72.486435
42.545264
60.804099
31.826125
60.378348
13.485913
75.367562
67.134981
77.324586
48.631143
47.800244
59.853350
3.559524
43.827167
81.698641
32.905639
18.268798
41.181161
61.982216
45.527622
54.701063
61.535847
22.523970
24.144270
77.402559
37.693977
56.307856
20.663411
20.966500
61.766574
30.508417
46.966566
57.666091
31.720190
14.262334
48.092952
81.249641
25.464424
41.767658
59.403595
75.159972
16.477311
82.509672
45.967377
41.501028
55.427985
52.323291
40.086676
47.554348
25.121907
68.067881
62.392790
35.172578
16.833982
33.787026
12.616446
31.799216
20.853550
77.527779
50.263567
61.604225
38.912757
56.007882
47.569342
46.423083
18.835347
46.901679
54.753612
24.985399
61.045713
47.213098
47.031557
36.866271
43.888703
13.957467
56.797524
70.395684
40.085043
37.569144
37.307696
53.244102
27.095115
17.785071
15.919042
47.117472
83.620577
53.746054
76.193871
67.920474
20.975742
49.444461
42.023442
43.614124
35.073587
50.511777
58.997921
33.529590
41.737481
45.455756
40.715965
50.405775
46.708973
67.302182
26.669012
46.266712
80.078761
43.220299
60.095833
30.303524
53.229186
60.194236
44.872387
69.497606
26.040060
24.307959
61.319522
49.196623
16.115216
27.880709
83.496238
69.639749
71.310892
42.820086
73.614837
30.429065
70.441712
37.139397
48.180086
57.048271
69.111871
76.611912
44.958027
8.505418
30.420845
7.878055
75.683924
58.215762
28.704980
55.571648
71.770241
77.573708
46.051801
80.541650
58.645791
11.128759
27.227962
41.463972
34.559261
13.547247
66.596031
81.928304
24.504197
71.130471
56.715629
30.672393
18.236851
63.568845
17.281668
64.268258
28.537277
32.654862
49.141860
87.094754
60.071352
76.828628
60.920404
40.212705
45.419370
14.216020
82.538248
21.546242
29.871180
37.957228
75.676884
57.719048
81.530351
41.597487
47.546307
22.685477
25.801578
77.994896
21.079784
32.902245
91.456968
30.366936
40.862696
48.609283
97.442926
23.160242
67.636811
74.041680
56.562956
74.928681
89.924895
75.414111
54.330816
54.616313
47.670257
45.986451
52.959632
42.747866
46.559281
52.821443
66.260818
57.177194
24.897385
66.877653
35.575475
31.856977
47.699458
70.617869
31.276482
70.633923
24.111136
33.418668
55.191822
43.585690
56.304754
62.549757
95.033490
42.898505
66.383191
90.864055
96.958734
34.895323
68.742529
58.108105
44.876643
12.165452
37.938375
48.260069
44.925453
78.129054
52.598935
58.332964
51.559243
69.792100
52.491970
75.246974
29.234497
75.783577
50.770089
50.511132
44.087610
36.701229
52.438047
13.412768
48.937391
25.785766
80.684609
35.848273
74.679547
12.398950
24.151823
82.967226
35.006718
9.431290
44.087408
66.435818
63.382505
48.918875
20.219308
47.688138
72.479602
40.136247
61.109431
14.645571
27.177260
42.178973
34.326807
40.294094
60.197093
16.803483
33.377342
70.187038
89.726756
68.119222
53.487317
25.452186
18.058254
72.304236
29.937017
53.597240
91.786077
12.437808
78.572931
47.157969
54.003245
51.345109
55.756891
94.184254
34.447923
42.148044
41.628079
46.818210
38.261373
19.109940
73.167712
49.814234
50.461660
37.865596
17.726288
8.762883
42.592636
21.820122
16.090824
26.600055
60.206729
65.594380
51.892053
40.144471
94.952764
9.464996
45.117239
92.083178
76.992330
31.705530
49.381178
51.227056
61.619519
61.102833
59.898201
69.324784
42.986644
78.061606
57.322470
71.466564
58.772807
41.812743
49.843977
22.023539
87.450010
66.399989
50.542031
18.097045
73.624966
67.145350
92.157162
25.040489
52.893842
36.137111
26.860383
48.106773
46.971894
51.533833
46.952669
50.570392
44.790036
47.545656
36.862681
59.906286
74.830461
31.712422
51.143415
36.033176
57.334903
68.674659
48.736531
59.059189
36.880688
47.359458
48.169151
47.294600
55.776281
48.332602
87.880784
43.046323
78.586533
65.675623
46.243481
51.394454
43.550752
13.947651
39.808155
27.762775
25.367232
33.966492
53.847169
71.853374
83.353858
31.111617
48.198640
35.219359
52.160706
44.050651
83.963951
79.591368
67.506002
61.681648
79.001109
44.531248
20.443270
23.501222
44.417366
20.850515
49.144597
67.449115
21.430826
45.495489
57.040541
85.496113
37.069973
27.860765
47.283767
48.702005
43.036214
45.841471
37.046451
72.764906
30.562630
18.679569
44.700044
33.570057
46.863146
88.591245
52.711825
69.351408
69.556556
31.186451
14.640279
55.037077
67.881042
13.173622
16.252443
63.772889
50.747456
