12.139081
169.891327
20.098717
12.513612
48.086183
12.660195
21.536664
12.154127
24.073590
21.937804
88.182357
46.826384
54.269562
18.572051
42.926210
14.213246
15.044197
26.563065
11.182643
49.198320
51.872902
21.299544
52.752147
18.003771
14.369232
114.549045
10.181851
14.263155
462.957903
10.981302
11.479387
11.749257
10.691326
15.607223
15.103558
17.872841
17.453491
34.569439
12.009750
14.725594
12.164450
12.701489
77.614274
14.167183
46.647364
42.044129
70.524931
13.675592
30.600148
12.361713
18.462838
20.186406
11.773378
12.242327
11.398043
27.924016
10.371597
11.212535
10.086278
16.614531
34.891403
258.049133
12.756479
11.492201
22.929561
15.491383
12.260798
10.725881
15.573742
10.676734
10.532979
88.167321
15.632475
10.482204
12.773115
20.487880
14.480682
241.129623
29.520829
72.832062
10.583753
36.357320
64.975815
11.070298
20.153795
10.813599
10.092615
12.242971
10.083753
313.489632
14.254027
23.896920
25.524733
99.290444
20.638516
13.406844
30.433443
17.116272
18.985856
11.983550
141.884475
27.896940
16.878439
13.830464
41.359790
10.251248
11.902720
129.544236
105.674869
12.048825
10.095362
23.103082
37.442157
30.967300
37.928275
20.593204
27.895339
11.489702
28.988290
14.347676
19.699235
14.050007
46.344875
16.239797
24.009990
20.601783
11.353797
17.299391
12.078326
19.882117
148.720801
10.654382
11.447943
10.299712
37.481831
14.821231
213.280378
11.238729
27.220711
13.382054
135.510698
23.060100
20.891701
20.052095
29.675305
71.027457
12.109160
170.613523
16.040268
326.311394
12.269627
44.693175
14.305563
10.669734
10.597954
28.555621
12.131946
20.345079
11.500138
17.617147
11.475745
48.583969
24.972985
13.511670
18.806473
22.941761
43.547379
12.275860
24.037057
34.097717
47.294043
32.169068
11.709031
45.562581
15.117778
21.938233
26.003680
23.725828
11.657042
71.336391
24.352990
14.923676
16.959988
13.140891
10.818668
12.551433
19.102492
16.179626
44.390262
33.434680
16.963284
36.742853
11.211451
87.600296
10.077503
12.494349
11.310091
25.366069
27.153244
23.154159
12.595425
191.972354
10.049347
11.601630
18.903231
15.535616
13.544085
28.266171
14.622799
12.113262
24.076508
16.551293
14.978128
13.639269
10.918773
68.824296
90.105300
19.817340
19.847198
11.880033
18.911641
32.426353
10.254698
30.883294
28.440453
20.237225
11.325407
15.950864
37.778690
13.546745
11.460093
10.039604
19.984539
11.759142
15.838319
37.475038
14.406975
13.147602
11.150830
10.360073
12.432365
11.202172
16.928346
16.332159
10.451539
15.641488
10.978428
19.285986
19.294127
21.366190
11.132861
18.335152
10.735289
24.165261
97.785464
15.435207
11.388326
21.518433
18.822002
36.840331
16.311786
12.845106
10.055664
92.997542
10.732113
22.326183
30.170090
10.647620
12.011184
43.476975
33.571564
22.638430
15.634287
30.943696
1742.781367
27.220411
12.905320
16.931774
59.346472
38.510277
15.871546
76.565035
12.155194
14.370770
15.077785
17.403215
59.669930
17.623852
17.078829
14.537354
19.663360
16.922831
14.736036
10.722786
10.020218
29.690859
28.016673
60.329530
55.240294
20.302197
13.998440
32.933175
19.061812
36.717725
10.567818
19.128288
14.566817
18.288903
20.356225
11.186910
346.468323
34.071919
16.173932
23.650095
15.302605
16.540357
16.269133
10.472375
10.133272
26.266095
19.720119
10.223602
23.873618
14.824455
17.066197
11.501495
69.060365
61.288152
27.063654
16.691178
20.412473
12.821896
13.975766
32.462493
93.700184
13.716368
19.098207
14.271794
20.076884
116.209390
11.956492
40.263620
39.727337
15.709544
11.028577
17.664309
16.684183
496.231865
82.418187
13.211296
10.904264
73.275590
14.584125
10.311060
17.118472
29.669806
22.839075
16.424290
120.158752
56.937089
12.054833
68.739274
54.271371
413.221077
54.452677
12.269560
78.746809
12.390770
33.421207
15.225466
77.462640
11.754637
16.774248
10.977240
20.652622
14.164351
26.595047
10.989777
30.403448
30.013621
10.019238
19.299170
13.003348
26.163919
10.753815
21.270891
11.866782
15.263724
16.253792
102.640462
12.310605
20.444897
12.451249
73.080081
37.552864
10.655463
20.739201
13.328083
164.148497
11.255164
18.412490
11.963496
24.679414
134.704304
32.537723
16.387438
13.021316
10.465379
290.120669
19.985723
102.973424
132.953285
109.563427
47.411625
25.861774
17.549855
16.024914
11.883750
10.834596
22.413132
16.490231
18.350180
28.715622
17.864342
111.149896
13.677621
12.372443
18.226926
12.374009
10.080799
20.447257
34.333800
11.262499
14.069089
11.248195
57.469203
32.797129
13.108507
93.682692
39.671577
18.516925
10.695907
11.652392
50.207190
14.331142
10.309929
11.023655
16.921928
16.863151
14.554086
15.436851
18.877823
36.672106
64.781980
107.154340
12.600948
84.481160
12.076762
20.035353
11.764587
17.301085
13.361508
61.756172
12.181614
17.212003
46.287113
15.128120
37.766429
12.140043
28.010930
14.110458
11.614376
12.364322
12.037517
11.175099
127.204231
11.902881
11.408047
14.184062
19.277739
22.663030
23.104352
13.488308
16.436071
14.835621
12.406662
20.157319
10.261300
39.794749
11.525419
91.967212
61.151348
13.367997
11.825306
14.841281
16.707851
18.366079
55.444216
31.109503
19.842167
29.014164
10.041728
16.441331
10.606869
20.442699
41.467715
19.102854
26.676195
11.964539
55.489823
21.416236
13.877047
13.688906
58.645053
17.164276
21.489668
16.409154
30.916033
104.759716
16.530786
10.103955
11.087052
344.969513
20.518408
39.956912
18.762692
13.049139
11.556514
10.762540
42.193117
17.269891
16.918507
75.525798
11.896774
10.564957
1100.353708
64.965195
12.337352
30.813059
17.070729
11.036883
23.768083
18.814590
23.859210
10.345664
22.036703
10.242508
49.410659
32.380769
24.765137
61.432380
17.955031
24.027664
13.039460
18.204794
16.433969
23.810407
11.232003
16.491685
36.123698
24.412178
15.691374
62.901435
10.455803
33.466358
23.213326
20.894320
11.762755
12.495887
239.170250
23.280636
10.206301
26.633265
42.129826
14.399672
10.730661
22.857180
115.513810
59.775229
32.535877
12.214289
23.208359
10.056114
26.695401
24.031938
19.531005
19.031967
12.795780
17.614452
24.853802
15.938404
29.941755
48.600276
16.287437
13.666169
11.771849
11.792935
21.170970
14.703339
10.740139
10.375804
108.594603
16.825811
17.041371
35.408267
13.674881
19.598878
32.757010
10.885554
10.171140
12.726389
23.095846
10.185320
18.220694
11.890256
38.734958
11.851898
27.184288
34.360336
10.427867
44.900115
12.868865
26.420421
19.635022
34.737894
13.618342
11.644249
10.161165
10.910742
27.650621
14.650021
24.864452
20.724094
47.754201
14.519880
29.738460
11.266129
22.975854
136.828612
14.131835
54.624400
11.292750
23.557207
12.820324
49.160286
14.167433
13.720437
20.084558
11.273586
57.388436
12.492329
10.410317
11.340015
10.718316
10.627668
19.759169
19.743326
104.203317
10.995510
11.223135
17.043852
16.140205
13.026012
11.205106
12.029944
13.865480
10.979486
18.105060
168.647903
11.661399
12.367150
11.303384
23.718865
12.903598
10.228155
27.956422
27.576804
16.868156
20.848175
29.695884
11.674381
74.034262
13.749396
11.051453
26.248834
43.798674
16.276827
183.186553
10.011313
12.752670
14.131774
12.080150
12.436584
23.323402
36.906096
19.204856
21.470088
10.888091
16.952169
184.450143
93.302957
15.036680
10.110199
11.553567
11.357583
14.490108
15.343147
10.130964
34.971256
144.960783
14.443826
25.399103
153.666805
382.765179
13.341918
31.246327
12.163066
26.842222
10.383737
12.153019
40.540083
24.824873
159.421127
10.341961
27.812151
37.283654
15.646784
10.492188
203.742994
11.590356
10.184081
10.789137
14.402350
31.945142
20.583168
10.107013
11.559767
12.610111
13.770045
18.239396
20.083789
25.823402
21.716116
20.326043
16.767855
120.554582
16.486964
13.554892
37.416224
11.131364
30.649927
42.925282
38.068456
10.456717
11.383043
14.527355
13.030006
20.261864
17.128516
10.908256
21.056065
11.484132
29.582666
14.450868
26.724783
20.445979
31.929655
20.801371
655.079341
12.546938
14.942061
16.922302
117.217121
51.898067
17.896581
17.858942
11.633853
10.621934
24.856085
25.306726
15.419356
11.365590
45.114028
32.139407
14.995031
78.117113
13.259512
11.446934
26.713991
12.076004
11.318273
19.845323
21.852611
18.761408
46.279192
10.783494
16.137458
224.373514
11.673374
19.410330
11.441024
13.330136
10.320675
13.684127
110.953553
13.221824
18.858329
15.185615
19.104358
88.974047
10.798483
20.566018
23.681914
16.026253
135.734222
16.821226
18.283087
20.932058
13.303689
16.606992
16.304878
118.425177
15.503468
26.656394
25.961407
12.297553
14.038420
24.462208
54.726276
10.465690
20.680529
19.881136
577.511076
13.849920
27.150408
15.838069
24.047903
12.615457
13.480243
20.065754
12.941378
11.747652
11.250187
16.366685
157.681397
18.208213
11.654020
10.573352
10.180890
38.354166
18.990719
13.805391
17.523214
17.155623
18.968440
32.483405
12.799864
16.769916
11.118617
71.813939
62.000597
16.112217
12.969634
10.222224
12.286913
17.007639
50.623246
10.643717
25.540995
14.251961
76.608446
225.587436
18.779113
15.536764
46.162348
11.165717
17.913661
20.117175
11.316606
21.103738
10.268574
13.001148
24.687088
11.824786
35.923815
27.174732
55.089471
20.498232
48.439661
30.033622
13.519733
18.807616
30.394313
85.127994
10.591082
148.264970
22.600242
31.555082
14.907387
17.353940
10.375637
11.315823
25.325897
10.261096
11.080360
14.954074
11.868087
73.047018
118.660179
10.517651
13.885110
61.157912
13.505142
13.176903
57.871645
11.720622
119.298030
11.859531
14.352941
19.278962
29.099751
12.315434
14.486113
20.060112
21.607962
15.534176
10.495249
139.474404
10.998802
69.685138
19.112784
10.209023
12.628274
18.132050
22.212708
28.786316
71.994535
15.735735
13.928478
12.551159
30.567097
13.176616
11.985206
13.849998
10.680632
13.089353
41.689656
22.431130
10.496399
11.308506
11.463057
19.099486
21.235983
18.429882
17.935154
35.786369
11.023997
21.778085
11.018119
13.828374
59.041338
18.275697
11.268619
32.355359
2783.309721
21.161434
88.979274
13.915832
372.155615
27.364736
10.193118
12.114563
76.255365
11.336690
10.730341
15.738404
20.799288
19.025132
48.669169
97.390304
34.014191
27.675789
58.615535
11.940289
30.375972
10.800376
21.537195
16.351082
14.403167
17.411986
10.831576
20.052281
25.115812
16.607180
10.050279
34.488020
17.579051
24.511419
14.342950
18.155152
