12.045767
42.335981
15.577169
215.238065
5.574699
20.248833
19.033218
19.941719
39.901790
3.780196
50.389517
0.308008
82.838017
77.163325
63.813984
17.724876
109.550656
89.479337
343.228893
60.093636
130.244492
53.786272
56.459113
33.195965
33.702280
12.008972
20.802422
27.244305
44.506323
22.462849
27.405169
46.112205
62.435714
125.449047
6.405304
10.071892
119.871483
31.794645
65.921979
252.067319
25.669898
0.447693
10.009368
52.301231
30.408996
40.119799
35.772895
85.281057
8.749262
20.986098
18.134611
31.127495
66.487392
204.737780
28.879724
9.855395
6.434622
29.751599
100.994561
59.722889
23.542996
52.024265
4.322245
250.995095
10.168089
6.205289
5.248290
17.340107
13.055078
64.204893
6.537157
4.357635
107.474962
21.430002
21.703816
19.975563
10.418710
59.044046
71.427274
102.227153
38.033362
93.526023
44.051682
89.505866
32.518572
51.836685
64.011073
54.793818
48.508525
25.922609
206.317153
57.214018
22.782697
47.756453
21.000324
43.372657
39.375968
44.348352
25.035588
32.165946
334.886091
32.432763
44.812078
58.034732
76.365340
85.455182
55.772801
47.481347
78.814970
120.624571
22.570966
17.029151
7.140447
71.043216
9.697334
24.597440
51.404848
141.534555
77.774601
51.243140
2.801486
65.834877
61.419530
35.449511
44.082114
13.220142
33.868454
4.887576
155.589796
42.546660
33.821122
13.840293
36.824584
30.611684
11.201316
6.480283
46.377477
68.693844
120.225433
59.434964
1.974804
10.886759
64.567696
35.542919
49.311713
31.629207
27.881198
14.216636
132.800526
12.155418
134.257543
42.466319
31.912728
146.394290
19.361677
92.085479
9.963361
170.928004
19.025751
29.184325
17.315485
8.044168
71.362167
24.031298
20.191004
166.436509
1.884149
10.262674
115.676757
50.391388
25.400640
4.108871
32.622208
147.031695
83.593044
5.842678
65.932333
28.046842
7.457279
31.442777
82.434018
3.787525
151.605426
38.168162
32.197045
1.306816
24.787037
23.808877
26.927674
18.161610
87.337181
23.531415
1.020354
89.165136
129.164865
55.969546
31.148323
16.724757
45.877401
11.679032
102.438848
16.287053
48.149962
55.904731
49.803373
16.123423
128.422575
12.019644
6.813924
82.924127
14.607518
2.287387
216.846657
8.654627
7.601684
13.584677
17.605552
140.462376
13.357404
100.534458
70.905655
12.475177
135.970403
3.536434
6.806832
39.263393
9.056588
23.188962
48.428501
72.851500
2.989304
26.739509
8.182555
75.984120
144.448603
16.114437
80.931377
119.728514
27.406662
2.497558
1.137319
46.318591
27.586999
71.014134
7.118250
18.079360
54.614379
4.365169
6.319316
113.315794
67.282389
51.869669
63.191347
9.638860
101.349816
41.118302
31.342472
41.738251
9.125718
92.958025
12.455199
9.653790
24.936661
223.255338
133.269370
138.299526
25.971865
14.257729
39.435174
47.605173
7.207880
13.957238
81.189960
25.029267
3.324295
7.990996
1.277792
37.458354
5.437258
11.963195
10.727978
20.740058
10.100098
182.129572
139.664416
96.947634
76.034141
100.479520
10.809588
26.145279
214.547916
109.557589
71.547218
13.865890
84.050641
31.626124
73.003318
18.813347
42.578215
26.836563
32.427145
43.876968
68.602905
64.348166
127.571029
112.385795
38.131700
3.026704
70.000391
24.727199
24.045682
111.064642
48.970225
35.688113
2.358507
8.000943
34.974600
48.433485
14.853287
39.160987
18.944118
287.137428
91.989646
164.569738
3.563334
91.634240
123.213238
29.744158
83.249820
18.407360
34.819383
88.858248
5.332446
15.855123
4.927838
22.643574
5.705197
19.224004
91.741171
54.817442
6.273459
27.291144
75.157661
5.055688
3.047650
99.471880
35.617311
26.820153
15.453642
225.717912
58.599788
9.005078
164.841351
2.452785
7.967095
47.438449
5.996480
34.181171
23.248542
59.403238
114.418818
56.798501
36.952761
13.029781
90.461670
60.605541
94.959970
17.549835
5.489178
6.625491
10.391936
61.446601
54.291703
19.866790
65.233331
99.350820
6.801109
43.445032
28.539475
27.779340
84.963576
46.612998
2.670410
62.750771
15.908717
159.710150
106.341162
72.124636
117.084236
138.914066
26.472798
21.862512
2.922555
24.813912
21.191253
47.820550
9.329084
46.441340
10.159603
153.960451
41.176143
48.693609
17.150245
71.101899
32.515358
15.075241
64.780242
8.822740
5.956929
196.424846
2.482326
41.633280
92.179285
11.116813
132.819668
54.563381
10.763830
22.418746
0.833875
34.893215
11.919085
10.339795
11.769123
174.657756
55.842477
6.763861
20.685814
52.990659
68.381722
15.704754
8.745088
39.836266
112.887512
4.328712
140.970349
73.289363
8.266360
109.784897
46.171557
6.787703
27.570018
25.770662
50.467576
43.455376
144.981530
11.983521
44.245751
81.362077
50.473040
61.770831
25.847289
71.131286
91.307943
14.230237
84.156498
92.041165
20.473915
32.559786
46.884282
157.930933
25.732389
71.130184
54.490801
13.840605
146.267874
35.127426
31.027646
39.237590
137.448764
22.131433
12.671953
57.704181
74.600265
23.654190
130.691158
38.037081
44.082423
56.899113
9.114405
4.558803
19.347716
77.474507
84.401904
3.199294
18.659683
50.849010
45.861119
17.767475
14.266421
20.922057
20.837937
123.893532
22.650647
4.111095
93.667951
20.743018
6.453374
50.023421
39.500414
33.509604
40.517704
58.225407
48.433346
92.114022
133.366500
1.058548
63.896159
13.730376
2.715531
5.207274
12.068594
51.810387
35.361894
85.601810
79.551302
85.732151
8.310610
19.580152
7.055338
93.897304
30.904667
27.391287
23.491717
46.249431
42.494499
3.786993
125.947093
197.344238
25.813075
3.413371
55.915087
45.345374
24.043585
155.190326
78.462115
13.985295
21.569436
27.497355
42.075011
14.741166
15.282162
32.240068
6.985637
78.702817
40.023642
75.983575
120.778353
80.123493
123.920331
169.790643
29.855153
131.754654
184.752076
33.381570
182.095465
28.981952
34.455653
25.514577
11.952823
33.640747
15.520452
4.715409
69.166703
74.250945
1.466612
9.632859
29.551561
40.897171
86.796137
39.683520
26.882571
29.694238
12.056744
125.399232
51.684743
11.773256
128.218130
29.524324
9.726896
63.714308
33.311460
7.294293
21.552978
5.048253
0.504592
123.133105
7.697739
35.129072
43.370343
34.000442
54.549714
42.225289
36.404553
11.927960
64.066716
1.405124
135.466724
4.778007
4.455942
60.706734
3.264703
25.266341
67.336467
34.849666
151.001659
120.085588
3.612479
59.245935
97.607272
11.657570
176.631320
27.838997
7.494944
79.357909
32.249313
8.226570
192.048367
127.977250
11.904649
15.596993
11.111166
24.955965
31.299743
8.231734
31.951008
51.934541
1.782318
24.883038
48.621774
135.173228
23.002602
73.900233
6.646441
33.868227
38.637310
64.956779
18.544769
23.823831
14.121057
116.177120
11.760656
0.564981
5.650376
19.060616
10.370978
0.177288
6.793576
16.594490
25.241566
24.003754
9.414157
19.244344
215.760115
36.152198
6.740145
85.430951
38.309392
8.685875
92.030563
19.526413
9.038050
1.991353
36.728173
3.560149
24.582261
65.197367
36.000753
126.709198
74.966319
66.498369
2.311526
39.643112
15.316112
57.630075
7.197625
37.919492
21.089085
13.786056
22.347192
47.224621
6.713150
112.800579
1.174304
98.824757
26.837031
5.555082
12.525287
91.890459
26.590856
44.847577
30.783649
19.547311
9.484987
50.405908
55.982468
89.734960
31.609325
17.478081
14.073298
69.981682
37.983586
41.901315
79.422099
17.136109
63.278301
7.623448
75.548472
6.605739
42.064708
49.291117
36.743163
13.179031
62.451308
63.065685
29.162793
49.696089
94.063986
170.701971
41.947494
91.828814
61.098025
1.062886
12.828601
10.353972
22.555849
1.954406
9.190067
39.166816
141.811769
65.475021
28.987412
93.573114
14.460572
70.763771
23.701706
19.071657
25.373986
84.218195
145.145480
4.961533
1.411141
28.142844
35.889755
9.055668
34.064903
15.738014
26.466029
29.042890
27.459561
232.695689
12.933132
14.207393
54.948520
29.614587
85.024347
109.930900
105.480916
69.469280
16.683027
7.317982
26.403136
20.757109
0.331685
15.176556
19.456400
6.262537
85.500567
50.949727
3.310720
28.182701
51.362336
98.001976
88.388681
25.837976
32.962634
18.915172
84.039603
4.720528
10.981421
5.214840
3.956058
44.085909
0.748851
83.161600
14.590988
28.016929
23.385011
76.702681
1.870024
66.008839
18.942302
8.559753
52.517939
86.390510
145.722249
112.639118
47.081314
2.160353
66.612542
242.084643
33.920333
14.714067
6.844594
52.104889
55.491655
33.448351
18.711616
30.545910
24.689710
70.408363
43.034267
16.808722
111.304573
43.920272
88.643581
9.289034
18.940799
4.466317
53.588122
54.279120
3.426140
23.196259
9.182949
2.756756
55.285656
100.030688
149.179997
68.188332
13.190352
1.604504
42.713859
30.086355
15.344979
53.973622
68.275181
64.024303
20.855707
3.891895
165.629565
3.092643
75.711815
6.800291
36.852383
27.030680
36.387038
50.784104
84.426348
64.340901
101.521061
20.879109
98.986643
69.579295
3.889172
15.813127
113.209270
44.770278
89.935482
2.808798
31.620000
31.534449
34.468702
0.648949
86.094545
94.221360
33.294399
54.867115
53.454523
38.952826
41.103031
8.117053
25.062385
77.108797
5.770540
81.084668
12.392496
6.987181
38.771380
62.611897
58.179607
29.152702
24.968592
86.190671
30.643196
31.836740
71.469239
13.343327
102.060033
129.100923
22.731573
7.153808
37.794854
42.832546
102.084636
41.485311
22.239113
122.553755
147.784934
92.677490
81.770707
71.757599
22.965502
16.965112
93.678665
137.176909
13.439010
130.698834
150.296899
211.466339
10.074009
56.635596
19.232743
77.051120
10.842908
41.553455
70.982830
38.231950
11.909232
15.089103
151.546143
1.189519
7.743175
17.502095
179.721262
25.463653
27.189363
62.508123
34.716118
82.600889
191.166584
214.095951
95.948642
106.802853
11.357914
18.501118
166.320025
16.253050
1.599396
79.002827
37.718797
62.795620
3.279019
113.491162
1.870257
126.824425
85.735258
48.719222
6.168502
21.477896
35.165881
9.534439
7.584024
25.298956
48.620445
56.606639
12.885406
9.085061
71.594169
47.360717
19.931543
27.773540
20.053373
2.856948
1.499422
40.216664
41.256005
104.879339
42.863167
87.280356
33.871749
137.893668
27.226202
35.068791
14.695171
51.304087
40.622810
41.979475
11.129983
19.763327
60.099992
64.642889
15.388231
7.388399
4.067732
17.699923
4.875521
37.101806
58.967919
84.855354
4.132443
8.586926
46.874771
5.245310
25.150228
74.375068
39.832036
26.190943
48.678140
30.401714
16.017100
16.863754
