48.925599
8.712893
59.385422
36.554908
69.357862
28.842787
16.868738
88.046130
67.556240
93.837789
44.663786
82.427615
23.867141
42.572611
88.623543
21.491958
13.956725
39.009020
56.002339
60.410658
24.590373
91.349744
66.485569
59.108510
5.474902
37.732286
35.968097
96.346081
30.688332
95.932356
56.859514
51.169823
63.319868
34.415809
74.540740
25.145490
91.311083
62.506456
17.967594
41.445565
2.195156
4.907374
21.380100
92.841466
52.691728
67.356240
87.564478
55.348575
49.076093
87.138056
73.628021
59.245752
50.779213
40.899409
53.247164
78.778202
78.770613
21.304454
57.270755
14.263692
55.509683
6.095572
54.509078
27.089773
22.259668
17.358814
55.749216
40.628075
85.465191
33.629781
34.989292
68.186197
6.295144
24.254160
30.370932
75.424779
27.852739
95.438098
40.046030
3.231268
3.337747
7.428785
70.064234
13.956422
58.468808
55.405413
82.519692
52.337144
4.897330
75.817551
54.810618
84.240026
47.766797
31.661932
30.057144
36.648442
41.887730
90.231331
88.453575
30.965482
60.415076
23.276974
92.885343
98.371672
59.416046
95.786539
61.920163
88.585393
5.030849
12.028424
39.280488
41.305571
70.788400
82.972820
33.550026
81.774966
64.336183
16.347945
99.186891
68.990045
36.760938
35.012569
10.138108
68.584610
93.043128
36.651312
34.024963
82.244774
0.382378
93.903191
60.831027
71.790368
1.789516
85.829648
38.649682
77.689263
43.621066
44.798521
0.258901
59.146792
39.967820
50.988133
15.152260
71.553238
61.316926
30.951986
21.709198
36.295333
37.785859
58.820421
63.091503
84.730506
30.395408
65.205270
79.222100
26.491188
64.228194
77.975238
15.450239
89.486193
10.680227
78.431166
43.058594
30.795422
82.434260
70.389713
32.286389
18.385978
46.023428
20.177903
15.388821
97.547604
45.510324
45.734167
55.663049
22.517381
62.417566
42.561068
55.810394
71.652056
46.637526
19.882246
86.157660
19.766925
14.988601
65.142665
68.903963
76.499187
15.897672
7.486677
12.432842
39.387047
68.059223
55.852523
52.791924
62.171863
67.043160
95.819577
83.279095
19.083372
20.924134
51.728983
72.896048
1.291894
47.233337
59.365037
44.138901
31.746662
99.829467
84.475702
79.760368
83.663805
27.093472
14.003218
44.714510
75.540736
26.412091
13.036181
50.885094
9.670386
43.545846
59.767408
88.209641
97.663803
57.161888
26.639656
52.647042
74.119521
1.975091
55.675389
56.800253
27.952125
82.000241
6.481934
24.328529
21.532603
34.360703
68.878648
41.895064
30.677000
47.735786
42.247377
58.063504
84.949934
80.907669
44.505617
56.825318
45.442112
84.255516
32.368713
44.076591
20.487609
16.639267
31.511128
94.681592
44.223301
64.621408
98.572840
57.210526
34.602245
32.602460
90.284686
77.778787
27.321613
83.900484
79.694628
75.472663
77.156466
47.763627
86.703139
79.189679
63.279915
32.009300
28.628355
98.634619
22.781575
88.593936
81.187783
72.135991
23.940827
47.583692
94.712262
27.954413
86.176180
7.353965
67.002895
34.792435
61.511724
38.736945
62.167945
10.721526
86.642852
9.620348
97.280639
8.148810
92.540050
33.638605
94.125392
90.164213
46.385001
43.918915
73.444713
70.032345
84.032807
60.851210
54.457138
73.194816
72.956572
53.082347
92.732827
15.627498
55.825333
50.461251
77.045379
27.932769
30.821404
17.715837
77.605698
45.581806
95.140749
44.817555
0.208225
32.839917
60.991108
24.745724
40.232605
20.540533
85.277323
68.345838
58.065652
32.308290
16.963524
91.933580
89.436138
56.835358
26.075767
12.502887
47.674957
71.169726
2.841976
82.078292
94.848228
83.886410
28.151489
25.237161
60.416652
69.472276
78.477660
60.266297
30.525673
10.739168
90.171665
79.114469
71.433504
89.429156
87.125316
21.384788
29.572374
2.811556
87.662647
13.962580
21.335942
34.378450
53.215887
66.887488
19.642465
64.898872
36.413474
16.801786
92.007400
52.644392
75.464468
50.336767
31.449314
72.659408
36.065096
30.006708
93.239636
19.376403
16.706365
24.559125
78.929396
41.315285
33.607782
49.558448
15.687808
68.848488
90.735761
86.527972
46.197905
11.276602
55.514493
42.055843
76.993903
84.207689
73.299776
6.906325
76.304551
58.830106
16.935351
60.876158
8.995794
35.862041
29.892859
91.073398
36.234493
52.548665
28.307279
72.499874
98.671873
89.741382
28.806114
37.972599
10.658759
4.056766
29.994032
0.326999
1.723209
33.211505
23.505643
86.301114
32.038263
63.087235
96.550949
50.477631
67.740091
59.846125
47.377163
80.932318
98.476940
87.489558
49.625211
86.484044
56.885613
48.338599
40.860815
50.792870
67.404630
91.962498
94.799229
58.509374
45.065536
79.179386
49.000842
6.014029
68.461030
60.470375
31.435087
49.997910
1.873311
95.304980
65.303038
41.122608
46.267026
99.616189
59.615020
76.523053
20.305062
21.409193
19.387839
13.437361
96.564219
4.645080
40.415536
44.952034
29.598311
2.103332
2.789192
55.953920
95.129513
26.636086
13.383733
74.554768
82.129595
58.689677
64.032666
7.392258
23.180973
7.554000
28.943583
0.873485
66.193786
98.640440
49.644980
89.895903
74.538913
82.151658
95.372828
88.411557
48.145261
75.904599
29.422779
65.640685
53.496064
26.938543
70.699270
82.292298
85.341606
47.178423
43.342030
68.736741
37.556175
1.973355
40.174560
23.613194
7.995661
54.587629
94.016981
16.835953
57.099017
32.744114
78.197816
68.372284
1.448519
96.397501
40.288178
88.872786
43.237612
39.057488
82.865782
87.248546
68.113103
26.007788
26.006826
4.216724
32.356793
85.637471
94.135748
12.382587
14.772562
58.667481
50.822053
53.176116
35.031864
70.049326
57.414013
32.214640
38.275849
60.346957
93.854513
56.320715
39.952967
56.644493
75.826279
56.543577
17.374563
58.604620
33.586966
49.135255
7.959534
95.215200
88.531538
18.304657
90.242391
78.979470
28.799208
13.229595
15.172810
42.528704
82.052868
31.430370
65.434871
85.266623
88.006506
50.581802
59.101094
84.894694
47.809616
12.551184
80.653429
31.196887
3.703152
76.136934
35.447497
11.647508
39.233988
15.741481
0.214849
0.164537
46.190282
9.199437
92.873006
58.747274
20.855587
8.396641
79.485151
84.761794
81.569730
62.173125
14.431504
18.962971
11.151784
74.750560
46.141790
80.219490
7.499577
72.215865
96.132767
60.953404
24.659402
44.176776
91.017907
14.533434
31.037647
62.209852
18.878212
0.636930
62.358876
90.618048
53.049861
3.432912
74.243545
99.193530
17.292621
97.903951
19.705603
0.311624
41.275112
5.597703
62.664562
71.350270
54.080334
25.759703
27.471340
75.083367
82.323110
96.403968
47.042845
41.057153
93.483974
40.390619
2.606649
25.263771
71.082623
93.291358
32.419284
49.572611
1.290557
80.274204
62.816514
77.638298
64.782330
58.180851
99.295213
53.226632
59.620864
66.606199
21.992312
96.773479
91.880817
98.461044
92.926343
49.251233
50.977360
51.250644
47.118581
18.146967
0.525684
20.450797
79.729998
84.211821
98.556232
44.425403
71.154606
89.785533
0.638361
7.205596
64.324107
17.858152
8.133681
12.235079
85.530268
68.021735
98.076065
62.314852
55.999247
9.395244
36.041103
81.497815
15.687279
41.345229
70.988569
48.199593
51.627137
24.904741
81.760147
83.704163
22.713598
99.314894
90.936124
49.363993
92.437646
99.914629
36.802011
5.434224
74.744915
45.847194
3.733194
92.177210
56.755121
32.753909
25.023297
21.058889
71.831057
7.148848
77.166335
95.002815
74.077261
65.333176
25.477604
75.848900
82.378147
19.434865
85.138347
32.634751
95.717955
46.482102
89.739274
63.826405
27.267479
97.230450
1.611860
13.075586
0.347653
85.656037
63.497829
54.172710
39.219444
3.482639
54.002456
11.320520
57.040101
55.826286
15.017839
45.935231
67.923861
55.852877
6.541404
97.970030
62.940080
65.302784
19.574971
44.086472
37.294316
97.644641
35.277157
62.532574
77.856883
37.997122
20.243624
6.717498
73.402243
90.861776
79.391127
38.336657
63.051701
77.913556
3.984042
99.034454
30.838700
79.187805
58.929300
44.962964
86.815405
51.508649
52.871636
41.721084
96.916464
98.768305
25.180430
32.204511
17.110067
97.205155
86.543850
17.336223
0.975036
2.146008
4.874356
84.746205
52.386455
90.944101
93.551550
82.854938
29.747608
23.542573
44.866102
15.237951
96.044661
57.214835
36.337581
10.614403
85.296202
82.745162
53.052912
60.085783
22.125055
38.747658
10.630242
76.985407
41.193799
64.282783
33.809094
7.718282
75.651912
78.187018
78.050555
27.546484
10.215799
34.294952
8.102200
14.165953
43.752145
84.617180
38.102989
91.649190
38.576469
20.338790
17.811827
56.072605
54.401517
36.655802
1.189724
92.670582
40.836612
50.382361
31.101353
80.037425
67.904479
18.232491
64.765384
69.935517
98.372049
81.626514
65.300588
34.259968
52.585784
50.816521
81.982681
47.409895
51.166742
43.252461
25.570907
60.401927
47.907995
39.585509
81.574103
82.799796
8.412174
41.488658
78.340501
35.636838
49.336789
98.979975
49.438622
66.820042
85.381242
76.292703
29.550733
68.625310
17.944573
98.663198
0.671414
77.147596
44.648620
5.824805
4.446321
41.788050
64.421819
66.787535
0.723836
88.843085
98.298259
69.997257
85.183503
23.088523
6.793533
58.469417
74.603678
64.160759
98.403026
40.683433
34.766622
97.161323
21.596584
11.516519
79.220656
32.717508
33.674970
32.641621
56.959776
65.817527
67.918871
0.110476
21.707024
78.912193
96.911268
58.330482
69.069000
58.777272
80.981917
17.310352
94.600234
42.580634
54.477965
39.475415
31.889848
76.903151
28.255480
13.595807
52.915639
80.954161
82.590293
80.499809
68.287321
74.422691
70.521753
81.691402
86.842064
25.447116
10.317588
9.576120
75.058312
89.450011
63.053060
76.227587
73.247188
16.014202
78.426236
39.812535
6.336301
62.787692
44.592811
69.118477
1.427510
27.483536
32.738111
2.076048
4.882743
65.205183
74.904895
59.149022
28.918554
73.788277
0.699867
45.683896
5.169375
66.833325
86.181149
12.878681
57.730284
10.865073
88.243201
4.439092
54.894298
50.761001
6.129242
58.834818
43.750982
69.356247
32.102229
55.934509
37.803967
35.406905
36.799466
84.284437
18.979202
41.933229
69.926849
88.951723
23.183202
76.139502
44.888756
31.769422
20.648413
2.204644
12.765154
99.097140
31.321680
22.227560
39.185270
88.777076
49.454093
77.781236
62.552343
3.377993
15.468382
50.444619
16.466086
73.759864
72.752061
87.947342
22.244347
58.468017
64.727989
15.588882
66.198998
74.433034
15.702855
15.379686
37.699384
