46.601391
20.950829
55.041572
72.296221
64.967226
95.390493
61.301631
43.290041
2.596700
63.985320
29.207651
97.881857
49.675856
36.554074
61.654610
44.408694
29.886107
51.013685
50.282133
67.869580
23.787513
85.613092
61.679432
23.177437
38.627725
49.922713
94.196201
38.379693
94.274708
50.021068
60.705755
61.145480
52.537865
50.359208
42.531651
31.123078
22.992306
39.408864
69.260138
40.004748
26.058484
41.029234
60.198224
7.434328
60.646904
4.515888
32.292618
72.094043
17.750613
17.222149
63.208370
80.295697
70.699824
-14.927660
-4.239884
62.123977
27.204769
54.244174
74.838525
50.357439
57.396035
48.858610
45.460821
57.132995
61.397684
55.924800
45.040820
21.888477
79.902481
56.882372
70.214940
69.295175
36.116574
9.309232
68.197639
95.613418
81.341221
84.576770
40.541667
38.951460
62.653646
47.442542
58.272917
87.844584
36.621359
77.475484
77.803405
35.403846
49.164758
66.284107
63.854939
80.478914
34.763605
9.974056
-2.549089
40.875067
66.586211
43.076431
58.544759
21.085165
61.525913
40.701934
26.794739
63.724558
36.346267
43.534031
53.166447
76.889094
46.271411
97.969245
36.850756
24.406455
32.269788
96.879920
58.569523
26.107958
60.760268
55.415492
60.074661
52.103196
37.104746
46.810396
37.511291
94.822199
27.659132
53.625146
89.189916
54.223149
14.789161
69.402864
45.684676
40.663024
58.529202
57.541905
52.430394
69.314008
30.045385
92.015127
47.234936
64.090322
52.373397
59.669801
63.167599
81.481502
45.921151
33.763302
63.223888
108.338442
24.711814
58.377639
50.134535
37.875909
31.638985
33.505695
61.597473
25.360268
62.808274
57.892106
40.515073
63.993208
73.973369
69.528969
24.336406
40.470910
36.309059
42.718499
33.143411
55.705040
49.851774
66.198735
75.456619
74.665893
14.505350
95.566171
4.286980
72.938959
87.705093
55.542190
46.306272
80.316100
40.111431
31.002457
39.126276
79.763046
49.406708
26.961745
61.488781
33.922747
49.951812
68.955287
30.121475
67.259872
65.694545
27.349535
34.111495
14.944497
26.151726
51.285564
35.694613
29.189432
83.102232
52.382738
58.542576
36.831513
31.244561
0.381440
63.393920
63.696131
59.792482
29.807304
46.342815
72.378762
59.022051
31.207197
79.023730
60.743709
25.316761
65.166342
54.034251
77.784762
67.005286
65.249153
72.320801
66.681524
54.560353
60.807353
53.689886
88.819162
36.981550
84.103059
17.853311
48.950299
102.084973
79.423708
64.541495
58.911982
2.906864
44.100871
86.194371
26.065867
73.176984
54.247892
79.321271
89.516100
100.623240
46.614946
60.683646
24.106432
50.460742
59.395787
69.870397
44.909279
15.689115
99.133264
54.714628
21.689193
43.499230
97.184509
31.804174
60.206478
65.326163
26.301975
40.183398
47.920797
90.472731
81.740630
58.068878
57.594713
24.497008
56.616751
63.600704
60.171335
76.023200
41.177605
48.482477
29.647643
69.266662
24.305455
55.671593
89.915276
59.104098
36.457879
11.036877
79.263226
11.940772
57.875337
45.202918
43.943617
36.471860
70.365830
75.751243
77.023456
40.620282
37.748283
85.598832
37.561469
31.152968
14.067946
4.508398
27.346733
65.230941
55.469203
40.620375
120.026830
54.883733
75.819397
86.751003
46.905346
107.238324
40.159538
68.090953
10.040087
71.646933
41.456200
87.306406
34.187353
71.683734
104.434507
67.271782
107.301831
27.046771
68.843532
62.501745
51.947038
55.788038
68.461337
42.877825
48.191469
58.030055
38.877929
81.944657
15.040160
65.549067
133.638088
55.858138
51.381792
54.320447
36.407105
66.222620
9.024030
93.321753
27.136707
85.491266
111.253937
27.237884
34.802728
29.076982
34.875102
40.962951
59.830378
78.833450
31.487621
22.990027
36.879439
77.002084
60.332925
44.936708
40.815536
35.429707
89.387407
42.490740
35.214147
45.766995
49.427791
40.965555
59.405849
32.998198
38.457032
41.900167
43.048515
57.409688
51.037395
70.604149
74.005798
73.157820
24.981846
72.995823
-3.765364
74.633549
83.277761
55.423933
-19.555352
28.007510
37.342804
42.734793
15.786308
54.179231
65.090648
110.252943
31.865220
45.791747
58.455507
41.158724
39.722784
60.360954
45.469746
41.152911
57.052810
29.755777
38.609154
52.093472
43.418653
131.596348
106.404276
52.887354
55.072072
-6.057458
33.478615
16.875183
62.389006
67.953651
36.814887
30.215026
49.694272
42.351270
67.562047
109.086385
29.855926
65.393722
62.775590
54.457793
51.102215
55.768426
74.492737
61.052798
29.750534
59.360721
71.870470
59.396038
16.918270
101.661428
80.024335
36.213516
47.949385
8.172136
65.032433
102.491986
72.872759
31.432083
56.583324
58.467190
78.351702
101.554034
49.943737
65.278672
53.143191
60.235578
35.573206
62.072843
76.385832
12.662111
50.333496
50.320723
69.671954
34.913492
42.939274
1.042459
31.634686
60.619630
104.245493
51.378898
59.812673
69.024897
30.584003
61.102190
43.396191
33.642983
82.682330
23.081032
79.416370
45.477893
74.825271
14.927940
-0.261821
56.308850
75.559429
56.456183
55.852632
77.853434
73.674517
72.644045
99.331159
28.047783
37.540458
35.041412
27.193226
50.711735
29.439905
34.689415
22.385223
79.945743
51.779250
49.557994
38.611737
67.005369
45.959240
88.303204
49.517403
54.595985
70.787501
-0.903988
32.704616
57.639178
48.387005
17.264746
43.832434
15.576376
23.492741
50.877176
54.774151
35.318787
37.661801
65.865342
61.132644
46.095316
12.523803
71.330005
73.813663
77.515563
12.935460
48.462019
53.812299
48.032169
6.891475
18.346968
31.745254
32.735355
46.700541
18.553026
51.391513
42.052118
25.838965
47.771577
7.164271
20.432875
46.444126
79.425325
19.919061
66.967577
50.456848
56.068528
95.779257
65.619433
34.614851
26.085877
60.953694
83.144254
43.475524
3.322002
58.986822
80.411648
12.170728
47.709870
41.856617
77.935197
81.445177
42.248953
75.309125
70.690700
65.223748
43.347980
29.012733
94.282539
104.590764
34.547245
46.190858
66.410358
39.800243
54.715986
58.243387
52.720809
54.513736
41.845057
29.972185
15.768875
56.424534
76.748731
38.595308
42.235547
52.909165
53.886788
98.147151
74.155842
58.799415
10.972814
66.528192
31.072596
83.617348
97.326331
64.388034
40.473718
-3.901189
63.771332
29.148479
8.538523
80.594050
51.011507
36.434421
9.070120
36.172971
57.429333
49.142242
94.480178
43.047531
64.876184
62.848021
91.218323
51.244687
56.278882
67.871591
48.386899
37.970018
53.069228
10.306100
28.111178
10.038437
23.670476
79.566039
-9.392522
70.620009
1.619820
71.590250
50.658577
23.412849
27.170471
42.474225
53.553282
89.402583
36.953586
51.343920
56.669449
1.239756
81.569312
59.109047
4.064534
53.321403
87.760304
37.861546
3.386515
69.242729
29.579004
89.459826
24.468300
48.877782
93.273072
30.290377
56.327048
63.971169
36.226156
53.941520
60.632493
63.949798
80.197803
42.594156
43.468523
-4.833755
66.883287
21.278040
29.326791
31.088122
110.708476
88.757393
-14.081019
57.455764
88.131296
31.763802
37.839466
48.312849
101.066220
45.907664
64.046286
100.381709
36.381776
97.467172
20.779826
83.347771
29.484435
59.926530
52.960511
74.295613
44.332226
23.964592
44.219482
30.253248
53.643506
48.994071
36.744861
58.088987
22.457219
47.210665
46.331400
98.115592
13.137759
55.636623
61.938682
29.993601
75.875030
32.503023
90.956356
29.003059
69.084184
60.874466
114.553111
51.565953
40.894216
56.821033
49.692698
-3.983775
43.012254
44.198838
91.501616
57.310722
26.113081
26.170239
97.054435
50.845241
17.834671
95.783539
93.711804
57.112211
68.637982
45.224611
57.226749
42.875283
33.748584
104.217078
39.430439
76.820985
25.751416
16.072231
55.294438
18.944030
-10.570404
74.827978
26.270410
49.102257
72.520331
48.263765
15.689899
87.093501
27.066166
14.709285
61.631938
84.792238
28.860063
88.786273
29.049031
6.994737
24.846392
49.320763
94.177265
101.745478
56.892193
37.875743
73.654924
71.466025
-19.596149
113.218924
62.045677
40.134157
25.301909
50.463630
82.314986
83.820676
38.623786
58.703335
90.000873
59.559308
62.413568
87.122864
43.461072
86.979434
70.126039
39.579067
84.269300
7.563723
29.377795
38.926161
83.231735
33.832946
61.174405
95.156184
43.476721
40.110446
18.531510
61.776166
30.311121
57.258282
50.679906
24.555930
54.385578
48.651814
33.252670
35.614497
86.846389
75.064364
17.049876
91.435564
29.901045
57.641850
47.305560
17.966272
71.429366
18.309122
31.697982
23.120456
72.008064
41.770062
72.261720
73.921478
71.603669
89.380141
4.729533
38.304815
65.421321
36.998215
77.033799
46.532314
56.413999
12.896546
51.338600
28.334560
60.716727
36.696877
71.582833
36.165397
70.996970
86.932696
32.147555
62.846400
23.476006
49.930815
25.447346
60.225055
64.705099
80.320336
24.050683
33.488013
38.376852
60.075654
51.779136
42.279043
66.948672
54.880504
35.359754
6.619784
47.418600
82.752805
51.714538
50.128805
39.605421
42.139483
23.357070
30.625836
65.220697
41.726620
26.308100
75.750804
67.339425
45.242349
56.885719
32.664707
64.311952
54.786306
124.823930
20.365632
54.721227
58.107023
109.858784
62.448487
76.267704
65.665785
68.139431
89.876140
82.027377
70.389621
21.116564
28.112739
35.847589
77.180482
21.829032
103.860491
40.584747
97.474199
52.526536
57.054691
51.052873
39.442896
76.669023
26.924765
71.894652
34.645364
76.123069
4.623935
82.374073
49.931830
68.434517
67.892159
42.582858
70.936109
116.017801
38.747739
51.319688
84.675525
41.436904
74.082058
43.508907
57.957262
92.391259
80.588403
66.083392
39.474934
31.921891
65.924459
108.813806
54.060165
62.701510
59.785326
79.538644
43.496947
63.328309
114.601166
47.042487
49.190310
74.140082
79.140473
50.713816
59.174262
29.652993
33.199875
51.824431
64.517674
47.585332
41.569411
79.660157
48.871789
43.795111
18.638144
56.668744
68.625766
26.557489
28.399207
43.650730
46.598672
81.823249
-12.038201
56.111381
39.594280
35.610147
108.948615
63.921162
-0.796788
83.377577
28.391589
39.643771
52.153174
39.635639
37.290703
39.692517
39.931449
26.947727
4.235585
22.976738
92.080726
32.934242
70.934876
31.376375
23.140847
27.527488
13.370332
29.315173
69.894391
47.525260
27.770834
17.852552
35.397209
94.576473
21.223067
62.465147
9.956014
65.295818
73.817396
75.775299
36.902461
91.018665
28.061722
50.428147
67.802381
70.402295
48.828610
52.862746
63.960763
54.793857
32.999485
85.114468
47.078987
71.952129
-9.009258
30.860178
56.412270
