48.684487
41.352904
53.993508
54.459350
42.668154
71.698637
71.881087
65.412085
43.197283
45.733843
77.136422
45.368078
40.655386
79.645647
36.099635
41.461755
50.172653
54.466782
55.267147
40.443269
32.281045
36.330177
36.028673
43.624904
38.304313
55.631394
38.221737
42.837642
63.441016
58.797866
59.436396
56.462063
39.938602
49.136717
30.083119
45.951982
47.715647
39.133850
45.045629
39.297786
58.744811
44.408050
82.398360
44.079532
69.047459
38.713221
40.084557
60.217120
34.514067
59.477843
53.211595
72.666852
39.110752
55.526317
55.316517
52.058978
82.595219
34.553423
43.572778
50.543518
35.287495
48.590966
96.939202
60.123421
48.853928
51.293948
45.151406
62.287187
41.327966
70.930665
49.718499
52.162888
48.209469
38.127091
46.029335
62.142662
41.246334
43.284646
49.696297
33.889972
40.595903
63.358436
48.084280
42.911860
65.497660
43.665947
61.573221
32.265954
58.795543
56.590029
57.918321
46.991494
62.632860
41.104209
53.871036
54.691035
64.472381
67.780004
50.694942
27.979229
48.466160
41.292364
56.350473
66.691406
40.817183
44.377274
42.879623
41.978461
51.387475
63.216736
58.666615
48.077907
54.637148
37.426334
55.244527
61.757044
63.955930
65.819473
43.464640
42.109840
30.174020
40.597007
45.599260
61.047610
35.009923
50.085148
60.344950
52.111118
52.435658
38.026035
47.401404
38.719035
45.349323
60.655058
48.510033
47.630345
42.564057
41.773977
29.780780
36.722684
40.187590
76.690169
45.494067
31.679264
44.946625
43.749738
51.902979
41.025372
41.070529
56.182275
36.582358
41.185524
39.402694
49.098028
69.499382
52.281609
38.558891
48.943672
52.288379
52.099322
56.588243
37.462413
52.085660
35.520380
46.017685
41.947561
48.690769
43.847142
30.570842
39.443944
58.238540
35.129718
34.712618
57.810270
57.544047
41.524367
25.814462
47.045830
53.536699
56.958197
49.632298
53.991259
45.374392
72.828249
56.490106
57.030838
71.292887
34.791395
101.069993
43.039619
29.927979
45.745474
44.805959
67.481713
37.770354
65.198864
31.574814
43.179240
55.981049
42.640456
55.858742
54.249392
60.432975
44.824442
37.119543
41.872199
47.493629
43.372040
38.705600
109.185832
40.393465
47.480032
56.236524
55.133425
70.652658
66.282761
38.629026
59.757288
44.733147
46.124520
32.749627
51.944810
69.218933
77.432740
45.260119
53.781279
41.681514
38.036657
47.618784
53.193640
56.210071
46.079612
58.938389
30.225386
38.104690
65.290209
40.120693
61.070255
36.496729
42.968868
29.744460
56.328133
54.519351
32.109082
46.917611
62.336534
48.469485
50.062023
42.795265
40.980918
41.437902
48.598026
48.920988
76.622959
54.773412
37.077424
72.910498
47.459760
51.647284
41.072430
69.099442
60.915241
64.634106
61.147227
61.025793
40.947849
44.770201
63.603868
48.411496
60.902969
41.845383
64.296438
43.238253
32.815053
40.402534
35.329348
51.375887
85.752076
38.283554
44.521668
67.895796
37.565621
56.166698
60.018407
44.054106
73.957317
50.004488
51.713997
39.871206
49.306925
43.662999
57.261854
57.639263
39.582020
42.142268
51.314879
56.424683
43.299322
58.352294
37.448221
47.127700
55.806254
95.456251
65.599913
46.657406
36.252123
109.848126
56.850331
69.285568
54.602740
42.545769
38.968602
37.023142
60.539506
57.395566
45.477213
67.154204
36.042710
71.423842
42.867827
52.419930
53.804983
50.314431
50.386508
69.288441
46.786883
36.532499
42.296365
64.849380
43.978875
47.759842
35.337835
52.363292
38.435162
61.599565
48.769744
29.197001
50.264737
82.827912
48.247802
43.436465
52.067202
36.455105
65.410897
58.617740
47.767223
52.701691
60.527489
68.098888
64.278322
40.216404
52.509736
58.041647
48.639648
64.955533
64.901652
63.562355
47.411596
36.177650
49.286650
51.565019
61.245981
72.241209
80.128883
51.123721
35.029346
41.865455
118.274767
29.714222
56.689497
59.609022
58.137846
68.411844
65.815697
41.183289
40.059126
52.933799
40.953314
36.493180
56.510270
45.835345
59.793084
44.362097
37.779351
36.365255
62.217142
35.154846
27.883496
52.516473
34.253592
43.497666
40.288696
49.707767
41.600324
66.027376
49.008870
56.485537
47.676793
53.275491
62.467414
71.693924
41.272601
33.734342
44.195624
40.375562
58.738388
29.571338
38.049175
44.651223
40.674800
33.420312
74.183907
57.312342
61.178943
46.924926
39.816099
74.245907
44.094780
33.046526
46.022295
36.836035
49.950111
89.292152
49.885065
68.796699
54.162811
38.327995
43.251136
50.866165
26.789344
82.496730
43.890768
42.745815
52.125803
42.495689
57.530106
41.480425
76.678555
66.485334
36.809687
43.519504
76.150468
47.974146
61.316176
77.949691
59.233382
49.558628
40.331427
34.821629
68.252640
37.256470
48.313411
56.212089
39.071763
47.673889
68.492987
39.869800
49.510105
49.254105
99.879736
55.330346
67.024769
39.861461
39.740729
55.454874
64.939704
32.879490
52.459359
51.752441
53.696858
44.042653
48.353561
35.212610
51.513854
35.411565
39.471289
57.425157
66.920317
84.620008
45.988146
79.675877
51.554994
37.924988
67.740522
64.727899
56.803023
34.653184
54.628733
38.995194
32.924500
64.321232
39.442127
62.337042
50.795291
41.003327
40.156487
47.886366
39.884769
46.967319
67.681420
52.434024
40.072906
57.271914
36.372888
57.488656
33.558309
63.180266
43.829436
47.439693
34.266946
38.770044
47.456779
40.324989
46.422636
61.352536
53.817453
60.322358
50.165830
47.800640
55.040226
37.384655
41.238069
63.105726
75.487907
48.426235
46.795237
43.261309
57.156454
37.269396
65.063946
47.321241
42.666377
42.932330
38.811432
65.375544
59.087143
58.222931
47.619289
35.592010
60.654204
32.515563
53.641925
69.335693
75.327746
40.363261
64.544512
43.138119
70.807412
40.555762
28.816437
39.884070
35.868149
109.563918
45.803601
36.696430
55.323776
50.907748
57.871619
39.187753
37.466166
36.106126
44.883830
57.406464
47.707532
62.508770
69.585343
47.130329
36.917802
33.253341
51.121703
40.488585
38.821734
42.866331
71.458358
43.784178
45.798499
73.960824
53.275616
47.607464
67.602092
46.916641
29.780645
51.925240
43.470582
83.714965
35.780976
40.769619
37.711123
38.764135
45.450048
45.370836
41.051164
35.027515
41.592956
46.811963
43.257928
50.068963
47.937868
44.701252
55.316179
50.469197
36.461959
53.280978
84.079830
55.889419
29.782797
51.286216
38.682510
61.668415
58.083686
70.941548
44.587414
62.045756
50.761870
82.392456
54.439599
74.756726
35.682564
46.203586
39.051778
62.525134
39.666923
35.576128
59.723627
46.282240
66.341459
55.908620
42.503226
43.306835
76.949063
36.072119
57.996944
53.366669
45.103270
47.087733
34.387556
53.657650
45.206896
50.126606
32.795679
44.925075
61.630530
49.610963
30.859511
56.178331
43.580507
42.738752
40.696431
52.654132
38.046784
88.569648
28.644688
59.107459
37.395894
38.616068
54.688098
85.196710
56.163129
54.352185
45.808080
42.919058
76.844417
40.179819
36.685664
71.266089
59.431604
44.064021
52.405160
62.409737
41.644648
70.533418
55.694771
52.993238
64.723579
37.720471
38.386775
63.167237
32.821079
46.930887
37.424963
39.834573
44.138791
39.765462
66.605313
54.708885
42.491763
74.101805
43.764546
54.983780
53.051686
63.514536
41.595907
48.016363
66.726996
51.268512
45.805065
39.100115
45.998383
40.850843
41.414335
44.584079
30.410504
52.935663
35.988881
59.828977
44.461152
46.925081
50.653956
38.544050
64.040366
53.706553
48.121547
61.822364
70.462658
44.025098
43.442152
49.440164
58.902445
42.596018
58.497701
39.157215
72.291928
45.648135
53.840828
57.959018
47.083854
38.701919
34.407932
61.491747
36.726604
43.438391
45.581985
37.703486
44.363194
51.631907
52.349985
62.431089
80.017944
42.979931
41.230038
47.094040
46.256412
52.477871
55.505160
45.215366
43.631851
46.635866
63.524284
54.670859
67.981343
44.791094
35.957992
58.880232
50.255716
44.291891
57.399681
70.497279
61.384185
64.599788
98.143813
76.206191
44.313193
50.391280
41.177711
60.085898
58.822871
45.633191
45.707604
54.726303
61.016082
45.823537
56.381348
76.472054
29.219726
60.405142
47.120800
39.763694
53.118141
58.302192
42.148438
52.969289
38.493537
52.508874
64.667986
69.612262
51.470819
67.603324
50.620793
77.141454
54.600601
69.738363
68.161696
50.448881
74.319637
57.146684
59.753854
65.804585
60.319673
59.531507
26.820889
52.523568
49.218344
42.309754
53.449146
42.047718
43.628913
61.390078
62.013302
47.125253
46.029073
47.937959
44.086347
48.674309
62.015554
48.437100
53.124674
55.914857
57.044017
47.312297
46.007735
64.367810
35.888529
46.822411
25.829285
53.936183
41.277843
48.652509
47.021245
43.865032
52.421222
41.858812
61.758530
48.948323
90.386402
65.109727
38.907006
51.300730
54.259616
48.661299
55.591273
61.718167
31.509356
56.012083
43.517943
39.504009
63.427621
43.667002
58.904717
62.206230
59.507710
40.826193
67.367716
52.175223
68.043317
38.292208
40.302686
59.695612
41.121385
56.612068
57.330723
38.838784
36.267422
62.888260
50.509279
57.355778
38.019786
51.275517
60.771321
55.877549
35.821567
55.059378
51.474390
60.846862
39.153348
42.576034
54.792817
48.683754
49.183907
54.530896
64.148213
60.480251
59.797068
46.561561
69.046407
63.618468
69.846884
45.191404
42.878622
42.058066
40.606742
42.805363
64.968108
80.376126
32.400937
40.261331
58.803745
33.271153
62.479350
38.945005
30.912422
55.200168
49.257303
45.742668
49.316938
43.517607
48.556368
35.086871
65.251016
61.981299
57.967032
81.035533
38.683116
69.859504
46.187762
47.843028
39.121145
56.532272
42.132727
46.877650
43.661763
58.170139
93.823012
61.408122
36.120500
44.936157
36.566499
27.653995
96.020852
75.795080
43.083031
35.572387
57.368466
35.925489
39.745591
41.465501
56.510949
42.346990
60.816891
48.045544
69.287940
35.666791
56.007901
31.999621
43.052199
45.209640
97.816738
31.059441
86.555655
54.941648
45.096791
41.804675
42.451116
58.597414
38.624124
38.917140
53.048202
68.251527
53.377648
49.297138
42.435761
58.360790
78.191439
39.298310
59.004021
36.856217
57.683627
48.429553
32.303762
37.892605
46.289268
45.387264
59.657763
80.178141
38.611527
39.272517
38.009967
48.747186
68.347711
50.496175
46.553876
45.698263
43.971640
56.581767
42.925499
97.812723
39.425513
67.912450
49.202479
45.483295
53.303260
37.358201
51.681849
38.468218
47.434340
44.467691
79.962001
62.869952
33.212035
35.511021
35.403675
