53.334058
54.764186
48.206461
42.110907
65.321145
41.302765
56.656337
62.851453
62.071280
70.753191
54.727692
64.029840
44.058535
69.031363
51.282980
45.785823
70.736156
84.119059
69.776983
79.759507
46.332405
49.581912
48.442756
62.150999
74.175290
44.534691
48.127603
60.443083
75.893651
59.505992
52.893452
80.083227
61.172851
45.481679
65.381358
57.399037
51.731807
55.167664
63.269925
53.405482
48.217875
35.516557
56.155640
59.077165
49.419725
58.685279
41.017258
55.695370
65.622684
74.034864
67.365978
35.747282
71.437130
62.891060
67.923303
37.424018
47.582409
57.807757
52.678998
56.969539
57.091244
56.815148
62.291830
38.598848
54.017076
51.122712
51.548051
63.335144
48.020315
36.050736
47.097539
40.323402
33.941501
51.567726
59.185429
52.860624
74.727815
60.052837
46.950805
35.102835
39.442763
64.689310
52.360995
54.491800
62.997754
33.387678
55.682233
29.676576
63.426137
71.060170
69.712401
55.106266
41.867037
53.622048
64.636311
79.831462
52.383017
61.897117
42.325063
42.228345
59.054488
55.992254
50.603580
64.797034
47.709844
65.914400
55.829302
59.319855
37.145746
63.647770
35.591594
57.204509
73.216028
74.366423
67.229112
57.828975
31.533344
66.318874
50.475195
36.667963
70.522052
66.444126
41.298004
31.920504
38.772573
60.119241
46.081668
59.502473
64.081839
55.463795
53.901693
37.168157
45.231347
45.548194
68.746075
71.670968
44.780713
31.762073
57.018233
59.958171
69.616152
72.057009
65.904647
24.739958
56.912240
54.709325
20.085847
66.854251
53.036571
89.382670
57.524446
64.269106
50.274460
66.130470
62.184418
65.443066
73.382194
43.419625
71.500853
64.219948
68.637435
37.349585
70.046777
52.047357
59.039302
54.271935
84.562905
57.795495
53.233256
55.394038
56.358136
68.639512
34.963095
60.701591
62.673439
61.065009
57.940050
52.329437
56.041172
63.496716
71.360194
31.261373
57.669495
49.199047
32.370069
46.338989
43.420118
55.934510
59.971732
69.467744
44.639087
74.424060
69.220100
36.944770
48.218604
65.982251
62.401423
36.793560
37.047295
26.723857
59.673454
69.988475
40.682699
86.245364
63.933630
55.915041
53.832973
33.527557
74.515861
57.323311
39.027655
32.949536
72.067252
57.216877
69.760935
65.951640
59.410230
50.800455
44.916186
54.466076
50.292803
57.259295
50.679901
54.821766
43.910817
78.157084
60.378937
53.584177
44.668187
47.170443
54.655390
29.478577
50.879295
52.110214
40.109236
66.236021
77.491444
79.578652
59.760952
62.609991
34.959244
49.491682
83.753582
62.351310
71.672500
46.477896
74.913809
61.624664
75.174173
62.926650
35.348895
58.211104
28.674815
54.194673
55.577704
91.419174
52.845270
64.978529
55.887646
74.304308
69.026171
34.320891
54.174613
48.289528
53.425874
44.160512
73.661862
53.843587
49.444691
39.500355
60.195036
48.974005
54.483551
34.225945
71.241893
45.108903
68.494172
54.916121
54.819436
57.361071
25.533023
58.960132
24.089646
59.944792
66.658403
60.775824
51.209066
54.066948
57.453618
51.136290
51.769142
58.821987
42.486858
49.318527
67.003319
39.729857
69.258936
48.688048
34.168002
70.715174
41.484106
32.494337
58.513595
75.138195
43.318072
43.690659
50.387763
40.376337
65.862434
41.937727
61.268113
80.509372
61.692263
70.233332
63.863155
32.414308
49.592827
28.184271
56.268785
44.139917
63.871456
70.367674
49.083269
48.426826
50.879529
62.765690
39.116271
42.506821
36.112247
64.600110
42.596436
57.455224
62.399021
55.162168
59.716767
70.919002
51.392117
48.308491
40.247258
40.955967
36.475407
46.464895
66.118135
46.051188
56.930054
56.325224
56.063251
57.536018
50.766410
67.348142
42.365352
33.333617
56.902747
46.758505
21.850639
47.022262
77.189336
63.357140
43.357387
51.168353
64.552829
72.925775
64.611917
27.383896
52.243743
64.543414
57.155982
36.158592
43.132616
48.452559
56.439774
45.884872
66.194209
51.274930
69.090987
51.717543
56.056260
53.496127
61.620434
67.124423
62.527821
41.104240
58.872949
55.733615
51.136438
46.949185
36.373243
61.172565
63.255860
66.626958
54.449957
31.160124
21.421664
63.904805
46.986691
31.571395
59.384289
60.890261
50.373542
54.339964
41.472849
52.221282
38.685088
26.971491
58.601377
67.892161
62.233020
48.483116
51.120195
37.062255
42.251966
46.872685
67.944752
40.947930
71.771164
64.988826
42.712744
55.831618
45.612185
29.935204
32.956140
55.630789
63.678494
57.827857
67.702367
49.949188
56.179605
32.345236
62.287728
39.503512
68.588728
56.063683
59.568034
57.863339
66.627977
41.200883
54.215038
59.859648
49.655403
40.759580
73.630312
49.032637
61.876307
49.442320
52.704460
67.768371
39.535337
65.128130
53.077527
57.733872
48.018369
57.348840
61.491931
61.009307
83.725287
45.908530
72.874480
57.118606
63.000121
64.099816
67.442534
58.256544
64.792887
58.178646
53.399540
53.874893
62.671123
84.600050
56.217631
48.498075
65.010112
35.677404
78.735628
39.613078
59.383951
71.867750
46.085920
58.520771
71.537597
60.343172
42.380543
62.202102
66.745365
67.376820
56.431489
55.484222
63.478572
53.103098
49.688319
63.697762
36.756766
60.190000
32.751784
53.462882
17.257112
44.141606
78.773157
56.649984
67.825066
69.482971
61.123484
51.912693
57.850092
54.228858
42.135203
43.925870
46.441623
38.136828
47.217900
44.595180
64.999353
75.615827
65.491005
60.221535
67.738166
62.311323
63.727392
66.478657
43.003225
74.668405
41.265845
50.417180
63.186802
58.193342
65.467542
60.279453
30.373817
68.163346
52.568138
69.315745
48.731344
40.891890
59.355339
53.203961
52.409088
39.243282
73.804781
54.681285
62.043243
75.020871
57.522265
75.548184
68.738336
56.771708
44.345933
55.535523
54.720720
39.653829
35.896874
20.858879
73.894315
50.386986
48.506444
54.082740
75.425388
45.005604
70.116837
64.927234
43.000593
51.847200
66.762675
76.477838
57.175757
70.631400
61.215883
51.891762
44.548855
53.611497
54.545560
59.917649
68.658113
65.207352
80.028711
47.819315
76.698189
64.631749
37.644703
54.230838
47.063719
53.112940
59.650840
50.124635
49.839015
58.274304
46.738980
53.695738
25.492765
52.438653
84.151316
60.809479
53.125612
54.265913
76.489596
71.182500
44.707771
44.761355
55.313389
58.110374
54.332019
33.003992
59.744372
52.896224
53.479007
70.553089
63.239552
45.762963
54.307482
63.336224
64.722925
41.327772
71.265717
69.829929
75.668142
63.266141
64.860951
71.325696
53.695145
68.699233
60.396933
62.703720
71.521777
59.986444
19.314086
85.409636
50.041175
39.823116
60.708938
34.425833
57.360634
63.814403
64.576622
63.338707
52.023094
54.955292
45.704528
48.586961
63.355352
64.751939
59.938933
44.951709
58.200797
56.576949
56.120492
53.213657
38.265969
49.195768
49.373074
63.311377
42.663815
68.515998
68.297845
57.485532
65.455647
60.106892
41.204809
70.058863
56.578164
52.282611
63.217017
51.949845
61.943777
64.178434
72.385687
22.090740
51.455159
36.117936
38.992450
52.928399
53.343629
32.266344
50.601904
50.274223
39.388803
32.043560
48.461062
67.847271
75.534776
55.938574
52.289392
38.137019
46.018638
32.967381
50.446025
50.464888
42.560153
60.730233
75.459289
40.677023
56.460375
50.023200
51.572413
72.979067
50.178548
61.785078
61.521241
53.903122
54.627486
53.939704
36.475418
62.686031
56.486076
64.184708
75.428458
54.004214
53.023579
61.794118
56.504129
42.204538
59.515306
49.356247
38.202155
62.605237
58.538680
71.030496
82.735001
50.010038
59.665898
73.077008
57.060715
43.143961
40.606832
49.232552
43.958875
58.073307
41.473406
71.382062
67.013945
41.908729
56.568068
58.644861
56.764217
33.065915
46.340542
39.488338
44.710294
57.548822
34.271884
71.757089
69.909298
69.852307
45.056824
57.360333
63.951461
55.021478
26.155552
55.145976
53.309770
51.100503
58.625420
46.568909
65.322044
65.128289
63.928605
61.254412
66.909295
59.687022
78.222121
48.632823
59.553674
55.768719
51.979412
56.620946
65.899082
50.915819
45.414728
35.287727
55.244271
48.945007
66.871900
64.451238
62.790407
42.090557
66.312220
70.219886
46.610741
51.398053
71.886983
42.620875
50.608580
63.426073
56.920927
40.404866
35.273880
42.477036
58.298682
69.712599
72.567173
72.036055
36.182908
61.101279
71.405649
39.754765
65.698185
73.691554
70.786755
59.019883
55.931053
38.086860
35.980008
52.736437
57.606349
52.520642
53.342912
59.785455
51.607633
65.227823
63.425333
72.739729
52.950358
61.651655
65.445198
47.162898
60.946788
26.109537
55.733945
41.214249
37.142402
55.996641
51.246699
32.851955
70.245869
51.597612
62.978780
52.322620
64.416748
43.392737
67.667825
45.194545
57.318496
57.290152
44.882055
38.973174
61.944102
37.421391
49.227143
77.911021
52.357959
72.109650
52.674439
58.299454
43.156412
43.904610
64.454371
47.766738
70.027197
41.029345
49.250310
51.955780
69.756436
29.025097
36.041787
62.962944
58.025440
45.486409
68.392352
63.064973
85.110044
59.694449
38.836253
70.519133
46.375951
39.572524
56.155844
71.099098
42.507349
36.524299
65.186330
65.829929
64.334624
63.418163
57.831768
74.746939
65.256542
49.870007
38.689840
77.236266
42.694073
40.995964
60.104297
57.854012
50.488628
42.701774
53.024649
62.735828
65.160783
20.917416
53.569549
64.319390
42.652879
61.233109
71.430173
50.379405
60.341813
71.597722
51.519101
56.238768
71.053909
53.986917
55.614539
75.891497
72.239268
51.638400
31.752482
54.962491
64.441690
65.489557
55.799498
55.035603
54.966784
58.533986
58.040089
54.430444
50.924837
36.982863
53.030495
52.560708
24.064628
58.059563
69.590956
44.458601
63.020361
58.463607
80.623504
67.780231
51.427212
64.094445
54.618030
47.687841
55.909797
63.409391
60.869671
55.035830
69.487622
55.986668
63.168073
48.639821
41.517051
56.737032
54.756418
41.706622
45.148649
28.300401
46.208965
68.371225
67.557074
75.617653
62.255902
66.667118
53.245407
41.345666
50.032879
66.008606
74.769549
69.493448
55.748672
57.504537
69.630023
63.166198
64.802349
47.731285
41.422097
65.363570
64.265723
54.014825
71.873318
50.720976
60.822713
78.337768
57.497787
56.073261
60.307100
44.627497
46.446935
47.465201
55.255019
48.188631
69.846357
69.211895
45.916815
70.111810
40.675887
52.782350
61.820028
48.242815
62.324102
49.466865
51.963182
58.483208
65.333707
51.649983
60.225116
57.929395
59.097422
48.724110
37.516512
49.203098
56.857471
54.031052
49.794329
35.318580
